Before 8th nov 2016
2546001,66,165,660338,653843
2546002,63,161,638976,628049
2546003,63,162,968308,937450
2546004,90,139,976325,954641
2546005,61,162,956527,929349
2546006,73,149,997562,970601
2546007,58,163,628180,616116
2546008,73,157,1030349,1019889
2546009,61,163,765019,756149
2546010,62,161,852341,839019
2546011,56,171,811781,780400
2546012,74,145,822917,813935
2546013,50,172,567525,554678
2546014,69,154,1004942,994685
2546015,66,164,931555,896919
2546016,83,137,976048,966749
2546017,53,176,831877,804012
2546018,69,150,950647,931803
2546019,64,164,670635,664621
2546020,46,183,590967,586519
2546021,74,152,977235,961619
2546022,61,167,711615,708789
2546023,68,159,965246,948315
2546024,74,153,1002800,997528
2546025,72,165,998117,981141
2546026,83,144,916141,905961
2546027,48,172,652632,643810
2546028,68,160,714737,692276
2546029,64,158,958670,922034
2546030,69,161,926909,887640
2546031,55,166,1601504,1538002
2546032,74,149,2101471,2032038
2546033,62,151,1783422,1630646
2546034,84,145,2275076,2218095
2546035,65,156,2002072,1883183
2546036,69,156,2139938,2048669
2546037,71,157,1697343,1668634
2546038,81,149,2055163,2023725
2546039,47,177,1330005,1269790
2546040,61,161,1708958,1593367
2546041,55,171,1806234,1746522
2546042,88,141,2085793,2029760
2546043,83,148,2262744,2237816
2546044,66,162,1906945,1863360
2546045,68,146,1840112,1827510
2546046,72,158,1885753,1850957
2546047,74,153,1929393,1832675
2546048,72,155,1627156,1601222
2546049,59,168,1851765,1810653
2546050,70,164,1865097,1812942
2546051,66,154,1805764,1751266
2546052,63,164,1590677,1506580
2546053,65,158,2031955,2002371
2546054,57,165,1840807,1732890
2546055,80,139,2114351,2055965
2546056,72,153,2154668,2091836
2546057,52,175,1415665,1376537
2546058,56,171,1624610,1561562
2546059,70,154,1852226,1821694
2546060,66,156,1811517,1787672
2546061,75,154,2009140,1984227
2546062,66,153,2065568,2037939
2546063,74,148,2082918,2048977
2546064,70,152,1962717,1894934
2546065,68,153,1781415,1757467
2546066,73,160,2110185,2094778
2546067,55,165,1635460,1621214
2546068,81,138,2286250,2187318
2546069,72,158,1962606,1922207
2546070,63,161,1540027,1512395
2546071,61,163,3662909,3473264
2546072,69,156,4333563,4265662
2546073,73,159,3682565,3607122
2546074,56,167,3357115,3309232
2546075,68,161,3807351,3705381
2546076,67,162,3284089,3229007
2546077,69,145,3980892,3906268
2546078,78,142,3397111,3312709
2546079,70,156,3346117,3323794
2546080,58,171,2740676,2732471
2546081,60,162,3065045,2945812
2546082,86,141,4693711,4523963
2546083,77,147,3496302,3429853
2546084,66,156,4070420,3965952
2546085,75,142,3632020,3504623
2546086,64,161,3449524,3373715
2546087,59,169,3132155,3067483
2546088,65,160,3120770,3015584
2546089,58,162,2970749,2800426
2546090,67,155,3291969,3237177
2546091,79,149,3936682,3884936
2546092,75,150,3626331,3552013
2546093,72,149,3717217,3602410
2546094,70,149,3811116,3681930
2546095,62,162,2974522,2708309
2546096,57,164,2863877,2841279
2546097,73,155,3989628,3876417
2546098,67,154,4019532,3910109
2546099,68,159,3240276,3115673
2546100,72,159,3835641,3783833
After 8th nov 2016


2546001,25,82,259032,245567
2546002,39,62,457264,445389
2546003,24,82,348212,375621
2546004,19,83,218300,230009
2546005,45,63,602728,617322
2546006,22,83,299168,315787
2546007,28,82,277320,307037
2546008,26,70,327236,336942
2546009,34,71,460016,441905
2546010,15,88,221124,232930
2546011,38,67,459284,459678
2546012,30,74,320788,318678
2546013,30,74,345100,322985
2546014,27,74,392288,389690
2546015,30,68,455120,466826
2546016,23,82,277972,282263
2546017,22,82,327428,354915
2546018,23,82,364908,352782
2546019,39,64,411440,386108
2546020,23,78,259088,248272
2546021,31,66,403340,397603
2546022,28,69,319960,312827
2546023,26,74,397544,413958
2546024,30,72,345800,315831
2546025,21,78,328288,331056
2546026,32,71,339424,346815
2546027,19,84,282948,283825
2546028,34,69,377168,384929
2546029,23,75,322480,349572
2546030,25,74,344676,366643
2546031,42,64,1113756,1140294
2546032,28,74,855844,917201
2546033,28,77,690308,809117
2546034,20,87,619564,644889
2546035,29,74,818908,920672
2546036,35,70,965532,1048830
2546037,21,80,460752,467784
2546038,26,69,597332,620615
2546039,24,80,626220,665759
2546040,30,77,710612,773986
2546041,38,66,879476,912864
2546042,26,82,597752,628379
2546043,37,69,871016,899030
2546044,41,68,910880,924160
2546045,33,63,947368,901481
2546046,31,65,885192,925837
2546047,24,78,696452,727282
2546048,35,69,820884,742827
2546049,50,50,1035260,1041210
2546050,27,72,825908,876380
2546051,31,75,873796,965119
2546052,39,65,936228,993980
2546053,37,70,909720,929338
2546054,36,69,914848,981446
2546055,33,69,800064,871105
2546056,31,72,926352,961232
2546057,26,74,610160,625157
2546058,28,78,725940,775575
2546059,32,73,807464,829943
2546060,28,76,789788,808802
2546061,30,72,663460,685977
2546062,21,84,839852,865423
2546063,33,67,973652,1022030
2546064,32,74,750288,813368
2546065,30,73,759060,764419
2546066,23,83,735140,747875
2546067,21,84,662740,676862
2546068,31,68,908200,922692
2546069,25,72,672984,718118
2546070,20,83,483428,476309
2546071,35,67,2018576,2049819
2546072,31,74,1595232,1586268
2546073,36,71,1795960,1826952
2546074,26,78,1594360,1568581
2546075,45,57,2275964,2232530
2546076,33,76,1463896,1426965
2546077,38,67,1890288,1930450
2546078,39,64,1829904,1895256
2546079,35,68,1597488,1483459
2546080,37,63,1663664,1610597
2546081,23,80,1226680,1308347
2546082,42,68,1822504,1833456
2546083,30,74,1318828,1352511
2546084,23,75,1263180,1331376
2546085,36,66,1792680,1824011
2546086,16,89,952136,992353
2546087,35,66,1479220,1509819
2546088,27,75,1228580,1372040
2546089,36,68,1626436,1688902
2546090,36,71,1448816,1416465
2546091,21,83,1169548,1219354
2546092,33,69,1502784,1518733
2546093,33,74,1631388,1672430
2546094,26,70,1370524,1482433
2546095,36,71,1446208,1593971
2546096,36,69,1670428,1446930
2546097,24,79,1147692,1227264
2546098,24,79,1365848,1464130
2546099,40,66,1814464,1939670
2546100,33,66,1721324,1656406


